0 1. 0.
1.25664 1. 0.
2.51327 1. 0.
3.76991 1. 0.
5.02655 1. 0.
6.28319 1. 0.
0 0.980785 0.19509
1.25664 0.980785 0.19509
2.51327 0.980785 0.19509
3.76991 0.980785 0.19509
5.02655 0.980785 0.19509
6.28319 0.980785 0.19509
0 0.92388 0.382683
1.25664 0.92388 0.382683
2.51327 0.92388 0.382683
3.76991 0.92388 0.382683
5.02655 0.92388 0.382683
6.28319 0.92388 0.382683
0 0.83147 0.55557
1.25664 0.83147 0.55557
2.51327 0.83147 0.55557
3.76991 0.83147 0.55557
5.02655 0.83147 0.55557
6.28319 0.83147 0.55557
0 0.707107 0.707107
1.25664 0.707107 0.707107
2.51327 0.707107 0.707107
3.76991 0.707107 0.707107
5.02655 0.707107 0.707107
6.28319 0.707107 0.707107
0 0.55557 0.83147
1.25664 0.55557 0.83147
2.51327 0.55557 0.83147
3.76991 0.55557 0.83147
5.02655 0.55557 0.83147
6.28319 0.55557 0.83147
0 0.382683 0.92388
1.25664 0.382683 0.92388
2.51327 0.382683 0.92388
3.76991 0.382683 0.92388
5.02655 0.382683 0.92388
6.28319 0.382683 0.92388
0 0.19509 0.980785
1.25664 0.19509 0.980785
2.51327 0.19509 0.980785
3.76991 0.19509 0.980785
5.02655 0.19509 0.980785
6.28319 0.19509 0.980785
0 0.0000000000000000612323 1.
1.25664 0.0000000000000000612323 1.
2.51327 0.0000000000000000612323 1.
3.76991 0.0000000000000000612323 1.
5.02655 0.0000000000000000612323 1.
6.28319 0.0000000000000000612323 1.
0 -0.19509 0.980785
1.25664 -0.19509 0.980785
2.51327 -0.19509 0.980785
3.76991 -0.19509 0.980785
5.02655 -0.19509 0.980785
6.28319 -0.19509 0.980785
0 -0.382683 0.92388
1.25664 -0.382683 0.92388
2.51327 -0.382683 0.92388
3.76991 -0.382683 0.92388
5.02655 -0.382683 0.92388
6.28319 -0.382683 0.92388
0 -0.55557 0.83147
1.25664 -0.55557 0.83147
2.51327 -0.55557 0.83147
3.76991 -0.55557 0.83147
5.02655 -0.55557 0.83147
6.28319 -0.55557 0.83147
0 -0.707107 0.707107
1.25664 -0.707107 0.707107
2.51327 -0.707107 0.707107
3.76991 -0.707107 0.707107
5.02655 -0.707107 0.707107
6.28319 -0.707107 0.707107
0 -0.83147 0.55557
1.25664 -0.83147 0.55557
2.51327 -0.83147 0.55557
3.76991 -0.83147 0.55557
5.02655 -0.83147 0.55557
6.28319 -0.83147 0.55557
0 -0.92388 0.382683
1.25664 -0.92388 0.382683
2.51327 -0.92388 0.382683
3.76991 -0.92388 0.382683
5.02655 -0.92388 0.382683
6.28319 -0.92388 0.382683
0 -0.980785 0.19509
1.25664 -0.980785 0.19509
2.51327 -0.980785 0.19509
3.76991 -0.980785 0.19509
5.02655 -0.980785 0.19509
6.28319 -0.980785 0.19509
0 -1. 0.000000000000000122465
1.25664 -1. 0.000000000000000122465
2.51327 -1. 0.000000000000000122465
3.76991 -1. 0.000000000000000122465
5.02655 -1. 0.000000000000000122465
6.28319 -1. 0.000000000000000122465
0 -0.980785 -0.19509
1.25664 -0.980785 -0.19509
2.51327 -0.980785 -0.19509
3.76991 -0.980785 -0.19509
5.02655 -0.980785 -0.19509
6.28319 -0.980785 -0.19509
0 -0.92388 -0.382683
1.25664 -0.92388 -0.382683
2.51327 -0.92388 -0.382683
3.76991 -0.92388 -0.382683
5.02655 -0.92388 -0.382683
6.28319 -0.92388 -0.382683
0 -0.83147 -0.55557
1.25664 -0.83147 -0.55557
2.51327 -0.83147 -0.55557
3.76991 -0.83147 -0.55557
5.02655 -0.83147 -0.55557
6.28319 -0.83147 -0.55557
0 -0.707107 -0.707107
1.25664 -0.707107 -0.707107
2.51327 -0.707107 -0.707107
3.76991 -0.707107 -0.707107
5.02655 -0.707107 -0.707107
6.28319 -0.707107 -0.707107
0 -0.55557 -0.83147
1.25664 -0.55557 -0.83147
2.51327 -0.55557 -0.83147
3.76991 -0.55557 -0.83147
5.02655 -0.55557 -0.83147
6.28319 -0.55557 -0.83147
0 -0.382683 -0.92388
1.25664 -0.382683 -0.92388
2.51327 -0.382683 -0.92388
3.76991 -0.382683 -0.92388
5.02655 -0.382683 -0.92388
6.28319 -0.382683 -0.92388
0 -0.19509 -0.980785
1.25664 -0.19509 -0.980785
2.51327 -0.19509 -0.980785
3.76991 -0.19509 -0.980785
5.02655 -0.19509 -0.980785
6.28319 -0.19509 -0.980785
0 -0.000000000000000183697 -1.
1.25664 -0.000000000000000183697 -1.
2.51327 -0.000000000000000183697 -1.
3.76991 -0.000000000000000183697 -1.
5.02655 -0.000000000000000183697 -1.
6.28319 -0.000000000000000183697 -1.
0 0.19509 -0.980785
1.25664 0.19509 -0.980785
2.51327 0.19509 -0.980785
3.76991 0.19509 -0.980785
5.02655 0.19509 -0.980785
6.28319 0.19509 -0.980785
0 0.382683 -0.92388
1.25664 0.382683 -0.92388
2.51327 0.382683 -0.92388
3.76991 0.382683 -0.92388
5.02655 0.382683 -0.92388
6.28319 0.382683 -0.92388
0 0.55557 -0.83147
1.25664 0.55557 -0.83147
2.51327 0.55557 -0.83147
3.76991 0.55557 -0.83147
5.02655 0.55557 -0.83147
6.28319 0.55557 -0.83147
0 0.707107 -0.707107
1.25664 0.707107 -0.707107
2.51327 0.707107 -0.707107
3.76991 0.707107 -0.707107
5.02655 0.707107 -0.707107
6.28319 0.707107 -0.707107
0 0.83147 -0.55557
1.25664 0.83147 -0.55557
2.51327 0.83147 -0.55557
3.76991 0.83147 -0.55557
5.02655 0.83147 -0.55557
6.28319 0.83147 -0.55557
0 0.92388 -0.382683
1.25664 0.92388 -0.382683
2.51327 0.92388 -0.382683
3.76991 0.92388 -0.382683
5.02655 0.92388 -0.382683
6.28319 0.92388 -0.382683
0 0.980785 -0.19509
1.25664 0.980785 -0.19509
2.51327 0.980785 -0.19509
3.76991 0.980785 -0.19509
5.02655 0.980785 -0.19509
6.28319 0.980785 -0.19509
0 0 0
6.28319 0 0